4294967294,5
4294967278,132
4294967278,131
4294967278,130
4294967278,129
4294967278,128
4294967278,127
4294967278,126
4294967278,125
4294967278,124
4294967278,123
4294967278,122
4294967278,121
4294967278,120
4294967278,119
4294967278,118
4294967278,117
4294967278,116
4294967278,115
4294967278,99
4294967278,98
4294967278,97
4294967278,96
4294967278,95
4294967278,94
4294967278,93
4294967278,92
4294967278,91
4294967278,90
4294967278,89
4294967278,87
4294967278,86
4294967278,85
4294967278,84
4294967278,83
4294967278,82
4294967278,81
4294967278,80
4294967278,79
4294967278,78
4294967278,77
4294967278,76
4294967278,75
4294967278,74
4294967278,73
4294967278,72
4294967278,71
4294967278,70
4294967278,69
4294967278,68
4294967278,67
4294967278,66
4294967278,65
4294967278,64
4294967278,63
4294967278,62
4294967278,61
4294967278,60
4294967278,59
4294967278,58
4294967278,57
4294967278,56
4294967278,55
4294967278,54
4294967278,53
4294967278,52
4294967278,51
4294967278,50
4294967278,49
4294967278,48
4294967278,47
4294967278,46
4294967278,45
4294967278,44
4294967278,43
4294967278,42
4294967278,41
4294967278,40
4294967278,39
4294967278,38
4294967278,37
4294967278,36
4294967278,35
4294967278,34
4294967278,33
4294967278,32
4294967278,31
4294967278,30
4294967278,29
4294967278,28
4294967278,27
4294967278,26
4294967278,25
4294967278,24
4294967278,23
4294967278,22
4294967278,21
4294967278,271
4294967278,20
4294967278,19
4294967278,18
4294967278,17
4294967278,16
4294967278,15
4294967278,14
4294967278,13
4294967278,12
4294967278,11
4294967278,10
4294967278,9
4294967278,8
4294967278,259
4294967278,7
4294967278,6
4294967278,5
4294967278,4
4294967279,132
4294967279,131
4294967279,130
4294967279,129
4294967279,128
4294967279,127
4294967279,126
4294967279,125
4294967279,124
4294967279,123
4294967279,122
4294967279,121
4294967279,120
4294967279,119
4294967279,118
4294967279,117
4294967279,116
4294967279,115
4294967279,114
4294967279,113
4294967279,112
4294967279,111
4294967279,110
4294967279,109
4294967279,108
4294967279,107
4294967279,106
4294967279,105
4294967279,104
4294967279,103
4294967279,102
4294967279,101
4294967279,100
4294967279,99
4294967279,98
4294967279,97
4294967279,96
4294967279,95
4294967279,94
4294967279,93
4294967279,92
4294967279,91
4294967279,90
4294967279,89
4294967279,87
4294967279,86
4294967279,85
4294967279,84
4294967279,83
4294967279,82
4294967279,81
4294967279,80
4294967279,79
4294967279,78
4294967279,77
4294967279,76
4294967279,75
4294967279,74
4294967279,73
4294967279,72
4294967279,71
4294967279,70
4294967279,69
4294967279,68
4294967279,67
4294967279,66
4294967279,65
4294967279,64
4294967279,63
4294967279,62
4294967279,61
4294967279,60
4294967279,59
4294967279,58
4294967279,57
4294967279,56
4294967279,55
4294967279,54
4294967279,53
4294967279,52
4294967279,51
4294967279,50
4294967279,49
4294967279,48
4294967279,47
4294967279,46
4294967279,45
4294967279,44
4294967279,43
4294967279,42
4294967279,41
4294967279,40
4294967279,39
4294967279,38
4294967279,37
4294967279,36
4294967279,35
4294967279,34
4294967279,33
4294967279,32
4294967279,31
4294967279,30
4294967279,29
4294967279,28
4294967279,27
4294967279,26
4294967279,25
4294967279,24
4294967279,23
4294967279,21
4294967279,20
4294967279,18
4294967279,17
4294967279,15
4294967279,14
4294967279,12
4294967279,11
4294967279,8
4294967279,7
4294967279,6
4294967279,5
4294967279,255
4294967279,4
4294967294,440
4294967294,426
4294967294,428
4294967294,66
4294967294,1143
4294967294,1142
4294967279,133
4294967294,429
4294967279,280
4294967279,0
4294967279,22
4294967294,528
4294967294,443
4294967294,441
4294967294,517
4294967294,421
4294967294,431
4294967294,425
4294967278,482
4294967294,1389
4294967294,1388
4294967278,481
4294967294,1387
4294967278,480
4294967294,1386
4294967294,1385
4294967278,479
4294967294,1384
4294967278,478
4294967294,1141
4294967294,1383
4294967278,477
4294967294,1382
4294967278,476
4294967294,1381
4294967294,1140
4294967294,1380
4294967278,475
4294967294,1379
4294967278,474
4294967294,1378
4294967294,1377
4294967278,473
4294967294,1376
4294967278,472
4294967294,1375
4294967278,471
4294967294,1374
4294967294,1373
4294967278,470
4294967294,1372
4294967278,469
4294967294,1371
4294967294,1139
4294967294,1370
4294967278,468
4294967294,1369
4294967278,467
4294967294,1368
4294967278,466
4294967294,1367
4294967294,1366
4294967278,465
4294967294,1365
4294967278,464
4294967294,1364
4294967294,1363
4294967278,463
4294967294,1362
4294967278,462
4294967294,1361
4294967294,1360
4294967278,461
4294967294,1138
4294967294,1359
4294967278,460
4294967294,1358
4294967278,459
4294967294,1357
4294967294,1137
4294967294,1356
4294967278,458
4294967294,1355
4294967278,457
4294967294,1354
4294967294,1353
4294967278,456
4294967294,1352
4294967278,455
4294967294,1351
4294967278,454
4294967294,1350
4294967294,1349
4294967278,453
4294967294,1348
4294967278,452
4294967294,1347
4294967294,1136
4294967294,1346
4294967278,451
4294967294,1345
4294967278,450
4294967294,1344
4294967294,1343
4294967278,449
4294967294,1342
4294967278,448
4294967294,1135
4294967294,1341
4294967278,447
4294967294,1340
4294967278,446
4294967294,1339
4294967278,445
4294967294,1338
4294967294,1337
4294967278,444
4294967294,1336
4294967294,1134
4294967278,443
4294967294,1335
4294967278,442
4294967294,1334
4294967294,1333
4294967278,441
4294967294,1332
4294967278,440
4294967294,1331
4294967294,1330
4294967278,439
4294967294,1329
4294967278,438
4294967294,1328
4294967278,437
4294967294,1327
4294967294,1326
4294967278,436
4294967294,1325
4294967294,1133
4294967278,435
4294967294,1324
4294967294,1323
